{
  "cells": [
    {
      "cell_type": "markdown",
      "metadata": {
        "id": "jEFK7PRr57qW"
      },
      "source": [
        "https://stackoverflow.com/questions/43036711/scikit-learn-svc-predict-probability-doesnt-work-as-expected\n",
        "\n",
        "https://www.google.com/search?rlz=1C1YTUH_idID941ID941&q=funct_svm(%27poly%27,data+x_train,data+y_train,data+x_test,data+y_test)&spell=1&sa=X&ved=2ahUKEwjOk7LG_J77AhXmzDgGHaSoB30QBSgAegQICRAB&biw=1280&bih=609&dpr=1.5\n",
        "\n",
        "https://piyut-dyoni.medium.com/machine-learning-buat-yang-ngerasa-bodo-e37bc5b26d9d\n",
        "\n",
        "https://blog.rosihanari.net/tutorial-python-svm-classification-dan-menampilkan-prediction-report-dengan-confusion-matrix/\n",
        "\n",
        "https://www.vebuso.com/2020/03/svm-hyperparameter-tuning-using-gridsearchcv/\n",
        "https://www.google.com/search?q=gridsearchcv+svc&rlz=1C1YTUH_idID941ID941&sxsrf=ALiCzsbOXYAmYuuGmSXI_izQ2wx_1vX5dw%3A1669134113756&ei=Ifd8Y_XvLamN3LUPzNGhmAg&ved=0ahUKEwi1hLuPmcL7AhWpBrcAHcxoCIMQ4dUDCA8&uact=5&oq=gridsearchcv+svc&gs_lcp=Cgxnd3Mtd2l6LXNlcnAQAzIECAAQQzIICAAQBxAeEAoyBQgAEIAEMgUIABCABDIICAAQgAQQywEyBggAEAgQHjIFCAAQhgMyBQgAEIYDMgUIABCGAzIFCAAQhgNKBAhBGABKBAhGGABQAFgAYLcCaABwAXgAgAFmiAFmkgEDMC4xmAEAoAEBwAEB&sclient=gws-wiz-serp\n",
        "https://towardsdatascience.com/machine-learning-gridsearchcv-randomizedsearchcv-d36b89231b10\n",
        "https://medium.com/purwadhikaconnect/statistik-dasar-untuk-data-scientist-part-1-af7ee6999911\n",
        "https://www.youtube.com/watch?v=G7xRVW9CfHY&t=3s\n",
        "https://scikit-learn.org/stable/modules/svm.html#:~:text=Support%20vector%20machines%20(SVMs)%20are,Effective%20in%20high%20dimensional%20spaces.\n",
        "https://towardsdatascience.com/dont-sweat-the-solver-stuff-aea7cddc3451#:~:text=lbfgs%20%E2%80%94%20Stands%20for%20Limited%2Dmemory,updates%2C%20so%20it%20saves%20memory.\n",
        "https://python-course.eu/machine-learning/neural-networks-with-scikit.php"
      ]
    },
    {
      "cell_type": "code",
      "execution_count": null,
      "metadata": {
        "colab": {
          "base_uri": "https://localhost:8080/",
          "height": 206
        },
        "id": "kBK1PMpJJyTm",
        "outputId": "2c85f975-87dd-46dc-c9e0-3d5bf62802a4"
      },
      "outputs": [
        {
          "output_type": "execute_result",
          "data": {
            "text/plain": [
              "   ips_1  ips_2  ips_3  ips_4  ips_5  ips_6     ipk_6  sks_1  sks_2  sks_3  \\\n",
              "0   2.29   2.69   3.15   2.87   3.14   3.29  2.905000     24     16     20   \n",
              "1   3.46   3.56   3.20   3.63   3.54   3.59  3.496667     24     22     22   \n",
              "2   3.65   3.66   3.51   3.51   3.63   3.54  3.583333     22     23     24   \n",
              "3   3.08   2.81   3.47   3.20   3.60   3.00  3.193333     23     20     20   \n",
              "4   3.54   3.58   3.19   3.29   3.57   3.56  3.455000     23     24     22   \n",
              "\n",
              "   sks_4  sks_5  sks_6  sks_kom_6  nominal_ukt  penghasilan_ortu  Buleleng  \\\n",
              "0     23     21     24        128      2550000            500000         0   \n",
              "1     21     24     22        135      2550000           5000000         1   \n",
              "2     22     21     21        133      2600000           2600000         0   \n",
              "3     23     24     20        130      2400000           1000000         1   \n",
              "4     22     23     22        136      2550000           2000000         0   \n",
              "\n",
              "   Luar_Buleleng  Luar_Bali  label  \n",
              "0              0          1      1  \n",
              "1              0          0      0  \n",
              "2              0          1      1  \n",
              "3              0          0      0  \n",
              "4              0          1      1  "
            ],
            "text/html": [
              "\n",
              "  <div id=\"df-1c8afc00-5e13-45c7-9d14-de700f37835e\">\n",
              "    <div class=\"colab-df-container\">\n",
              "      <div>\n",
              "<style scoped>\n",
              "    .dataframe tbody tr th:only-of-type {\n",
              "        vertical-align: middle;\n",
              "    }\n",
              "\n",
              "    .dataframe tbody tr th {\n",
              "        vertical-align: top;\n",
              "    }\n",
              "\n",
              "    .dataframe thead th {\n",
              "        text-align: right;\n",
              "    }\n",
              "</style>\n",
              "<table border=\"1\" class=\"dataframe\">\n",
              "  <thead>\n",
              "    <tr style=\"text-align: right;\">\n",
              "      <th></th>\n",
              "      <th>ips_1</th>\n",
              "      <th>ips_2</th>\n",
              "      <th>ips_3</th>\n",
              "      <th>ips_4</th>\n",
              "      <th>ips_5</th>\n",
              "      <th>ips_6</th>\n",
              "      <th>ipk_6</th>\n",
              "      <th>sks_1</th>\n",
              "      <th>sks_2</th>\n",
              "      <th>sks_3</th>\n",
              "      <th>sks_4</th>\n",
              "      <th>sks_5</th>\n",
              "      <th>sks_6</th>\n",
              "      <th>sks_kom_6</th>\n",
              "      <th>nominal_ukt</th>\n",
              "      <th>penghasilan_ortu</th>\n",
              "      <th>Buleleng</th>\n",
              "      <th>Luar_Buleleng</th>\n",
              "      <th>Luar_Bali</th>\n",
              "      <th>label</th>\n",
              "    </tr>\n",
              "  </thead>\n",
              "  <tbody>\n",
              "    <tr>\n",
              "      <th>0</th>\n",
              "      <td>2.29</td>\n",
              "      <td>2.69</td>\n",
              "      <td>3.15</td>\n",
              "      <td>2.87</td>\n",
              "      <td>3.14</td>\n",
              "      <td>3.29</td>\n",
              "      <td>2.905000</td>\n",
              "      <td>24</td>\n",
              "      <td>16</td>\n",
              "      <td>20</td>\n",
              "      <td>23</td>\n",
              "      <td>21</td>\n",
              "      <td>24</td>\n",
              "      <td>128</td>\n",
              "      <td>2550000</td>\n",
              "      <td>500000</td>\n",
              "      <td>0</td>\n",
              "      <td>0</td>\n",
              "      <td>1</td>\n",
              "      <td>1</td>\n",
              "    </tr>\n",
              "    <tr>\n",
              "      <th>1</th>\n",
              "      <td>3.46</td>\n",
              "      <td>3.56</td>\n",
              "      <td>3.20</td>\n",
              "      <td>3.63</td>\n",
              "      <td>3.54</td>\n",
              "      <td>3.59</td>\n",
              "      <td>3.496667</td>\n",
              "      <td>24</td>\n",
              "      <td>22</td>\n",
              "      <td>22</td>\n",
              "      <td>21</td>\n",
              "      <td>24</td>\n",
              "      <td>22</td>\n",
              "      <td>135</td>\n",
              "      <td>2550000</td>\n",
              "      <td>5000000</td>\n",
              "      <td>1</td>\n",
              "      <td>0</td>\n",
              "      <td>0</td>\n",
              "      <td>0</td>\n",
              "    </tr>\n",
              "    <tr>\n",
              "      <th>2</th>\n",
              "      <td>3.65</td>\n",
              "      <td>3.66</td>\n",
              "      <td>3.51</td>\n",
              "      <td>3.51</td>\n",
              "      <td>3.63</td>\n",
              "      <td>3.54</td>\n",
              "      <td>3.583333</td>\n",
              "      <td>22</td>\n",
              "      <td>23</td>\n",
              "      <td>24</td>\n",
              "      <td>22</td>\n",
              "      <td>21</td>\n",
              "      <td>21</td>\n",
              "      <td>133</td>\n",
              "      <td>2600000</td>\n",
              "      <td>2600000</td>\n",
              "      <td>0</td>\n",
              "      <td>0</td>\n",
              "      <td>1</td>\n",
              "      <td>1</td>\n",
              "    </tr>\n",
              "    <tr>\n",
              "      <th>3</th>\n",
              "      <td>3.08</td>\n",
              "      <td>2.81</td>\n",
              "      <td>3.47</td>\n",
              "      <td>3.20</td>\n",
              "      <td>3.60</td>\n",
              "      <td>3.00</td>\n",
              "      <td>3.193333</td>\n",
              "      <td>23</td>\n",
              "      <td>20</td>\n",
              "      <td>20</td>\n",
              "      <td>23</td>\n",
              "      <td>24</td>\n",
              "      <td>20</td>\n",
              "      <td>130</td>\n",
              "      <td>2400000</td>\n",
              "      <td>1000000</td>\n",
              "      <td>1</td>\n",
              "      <td>0</td>\n",
              "      <td>0</td>\n",
              "      <td>0</td>\n",
              "    </tr>\n",
              "    <tr>\n",
              "      <th>4</th>\n",
              "      <td>3.54</td>\n",
              "      <td>3.58</td>\n",
              "      <td>3.19</td>\n",
              "      <td>3.29</td>\n",
              "      <td>3.57</td>\n",
              "      <td>3.56</td>\n",
              "      <td>3.455000</td>\n",
              "      <td>23</td>\n",
              "      <td>24</td>\n",
              "      <td>22</td>\n",
              "      <td>22</td>\n",
              "      <td>23</td>\n",
              "      <td>22</td>\n",
              "      <td>136</td>\n",
              "      <td>2550000</td>\n",
              "      <td>2000000</td>\n",
              "      <td>0</td>\n",
              "      <td>0</td>\n",
              "      <td>1</td>\n",
              "      <td>1</td>\n",
              "    </tr>\n",
              "  </tbody>\n",
              "</table>\n",
              "</div>\n",
              "      <button class=\"colab-df-convert\" onclick=\"convertToInteractive('df-1c8afc00-5e13-45c7-9d14-de700f37835e')\"\n",
              "              title=\"Convert this dataframe to an interactive table.\"\n",
              "              style=\"display:none;\">\n",
              "        \n",
              "  <svg xmlns=\"http://www.w3.org/2000/svg\" height=\"24px\"viewBox=\"0 0 24 24\"\n",
              "       width=\"24px\">\n",
              "    <path d=\"M0 0h24v24H0V0z\" fill=\"none\"/>\n",
              "    <path d=\"M18.56 5.44l.94 2.06.94-2.06 2.06-.94-2.06-.94-.94-2.06-.94 2.06-2.06.94zm-11 1L8.5 8.5l.94-2.06 2.06-.94-2.06-.94L8.5 2.5l-.94 2.06-2.06.94zm10 10l.94 2.06.94-2.06 2.06-.94-2.06-.94-.94-2.06-.94 2.06-2.06.94z\"/><path d=\"M17.41 7.96l-1.37-1.37c-.4-.4-.92-.59-1.43-.59-.52 0-1.04.2-1.43.59L10.3 9.45l-7.72 7.72c-.78.78-.78 2.05 0 2.83L4 21.41c.39.39.9.59 1.41.59.51 0 1.02-.2 1.41-.59l7.78-7.78 2.81-2.81c.8-.78.8-2.07 0-2.86zM5.41 20L4 18.59l7.72-7.72 1.47 1.35L5.41 20z\"/>\n",
              "  </svg>\n",
              "      </button>\n",
              "      \n",
              "  <style>\n",
              "    .colab-df-container {\n",
              "      display:flex;\n",
              "      flex-wrap:wrap;\n",
              "      gap: 12px;\n",
              "    }\n",
              "\n",
              "    .colab-df-convert {\n",
              "      background-color: #E8F0FE;\n",
              "      border: none;\n",
              "      border-radius: 50%;\n",
              "      cursor: pointer;\n",
              "      display: none;\n",
              "      fill: #1967D2;\n",
              "      height: 32px;\n",
              "      padding: 0 0 0 0;\n",
              "      width: 32px;\n",
              "    }\n",
              "\n",
              "    .colab-df-convert:hover {\n",
              "      background-color: #E2EBFA;\n",
              "      box-shadow: 0px 1px 2px rgba(60, 64, 67, 0.3), 0px 1px 3px 1px rgba(60, 64, 67, 0.15);\n",
              "      fill: #174EA6;\n",
              "    }\n",
              "\n",
              "    [theme=dark] .colab-df-convert {\n",
              "      background-color: #3B4455;\n",
              "      fill: #D2E3FC;\n",
              "    }\n",
              "\n",
              "    [theme=dark] .colab-df-convert:hover {\n",
              "      background-color: #434B5C;\n",
              "      box-shadow: 0px 1px 3px 1px rgba(0, 0, 0, 0.15);\n",
              "      filter: drop-shadow(0px 1px 2px rgba(0, 0, 0, 0.3));\n",
              "      fill: #FFFFFF;\n",
              "    }\n",
              "  </style>\n",
              "\n",
              "      <script>\n",
              "        const buttonEl =\n",
              "          document.querySelector('#df-1c8afc00-5e13-45c7-9d14-de700f37835e button.colab-df-convert');\n",
              "        buttonEl.style.display =\n",
              "          google.colab.kernel.accessAllowed ? 'block' : 'none';\n",
              "\n",
              "        async function convertToInteractive(key) {\n",
              "          const element = document.querySelector('#df-1c8afc00-5e13-45c7-9d14-de700f37835e');\n",
              "          const dataTable =\n",
              "            await google.colab.kernel.invokeFunction('convertToInteractive',\n",
              "                                                     [key], {});\n",
              "          if (!dataTable) return;\n",
              "\n",
              "          const docLinkHtml = 'Like what you see? Visit the ' +\n",
              "            '<a target=\"_blank\" href=https://colab.research.google.com/notebooks/data_table.ipynb>data table notebook</a>'\n",
              "            + ' to learn more about interactive tables.';\n",
              "          element.innerHTML = '';\n",
              "          dataTable['output_type'] = 'display_data';\n",
              "          await google.colab.output.renderOutput(dataTable, element);\n",
              "          const docLink = document.createElement('div');\n",
              "          docLink.innerHTML = docLinkHtml;\n",
              "          element.appendChild(docLink);\n",
              "        }\n",
              "      </script>\n",
              "    </div>\n",
              "  </div>\n",
              "  "
            ]
          },
          "metadata": {},
          "execution_count": 728
        }
      ],
      "source": [
        "import time\n",
        "start_time = time.time()\n",
        "import pandas as pd #return a data frame (like a spreadsheet)\n",
        "df=pd.read_csv(\"/content/skripsi.csv\")\n",
        "df.head()"
      ]
    },
    {
      "cell_type": "code",
      "execution_count": null,
      "metadata": {
        "colab": {
          "base_uri": "https://localhost:8080/"
        },
        "id": "0Q0QMAbZ1rEP",
        "outputId": "20529cf5-5323-476d-a026-5e62c7b4a7d5"
      },
      "outputs": [
        {
          "output_type": "execute_result",
          "data": {
            "text/plain": [
              "ips_1               float64\n",
              "ips_2               float64\n",
              "ips_3               float64\n",
              "ips_4               float64\n",
              "ips_5               float64\n",
              "ips_6               float64\n",
              "ipk_6               float64\n",
              "sks_1                 int64\n",
              "sks_2                 int64\n",
              "sks_3                 int64\n",
              "sks_4                 int64\n",
              "sks_5                 int64\n",
              "sks_6                 int64\n",
              "sks_kom_6             int64\n",
              "nominal_ukt           int64\n",
              "penghasilan_ortu      int64\n",
              "Buleleng              int64\n",
              "Luar_Buleleng         int64\n",
              "Luar_Bali             int64\n",
              "label                 int64\n",
              "dtype: object"
            ]
          },
          "metadata": {},
          "execution_count": 729
        }
      ],
      "source": [
        "#Checking the types of the dataset\n",
        "df.dtypes"
      ]
    },
    {
      "cell_type": "code",
      "execution_count": null,
      "metadata": {
        "colab": {
          "base_uri": "https://localhost:8080/"
        },
        "id": "748MShDv1t3J",
        "outputId": "9b0b05a5-d00d-4928-9ef2-0f3b31ea9385"
      },
      "outputs": [
        {
          "output_type": "execute_result",
          "data": {
            "text/plain": [
              "ips_1               0\n",
              "ips_2               0\n",
              "ips_3               0\n",
              "ips_4               0\n",
              "ips_5               0\n",
              "ips_6               0\n",
              "ipk_6               0\n",
              "sks_1               0\n",
              "sks_2               0\n",
              "sks_3               0\n",
              "sks_4               0\n",
              "sks_5               0\n",
              "sks_6               0\n",
              "sks_kom_6           0\n",
              "nominal_ukt         0\n",
              "penghasilan_ortu    0\n",
              "Buleleng            0\n",
              "Luar_Buleleng       0\n",
              "Luar_Bali           0\n",
              "label               0\n",
              "dtype: int64"
            ]
          },
          "metadata": {},
          "execution_count": 730
        }
      ],
      "source": [
        "#Chek the null values for each features\n",
        "df.isnull().sum()"
      ]
    },
    {
      "cell_type": "markdown",
      "metadata": {
        "id": "p9InRzSs2AtK"
      },
      "source": [
        "Data Cleaning"
      ]
    },
    {
      "cell_type": "code",
      "execution_count": null,
      "metadata": {
        "id": "DUJ9niSa2Cea"
      },
      "outputs": [],
      "source": [
        "#Copy the raw dataset\n",
        "clean_data = df.copy()"
      ]
    },
    {
      "cell_type": "code",
      "execution_count": null,
      "metadata": {
        "colab": {
          "base_uri": "https://localhost:8080/"
        },
        "id": "wmJJuA57xM45",
        "outputId": "f1ac932f-ff4b-4721-c134-4b35eef32cda"
      },
      "outputs": [
        {
          "output_type": "execute_result",
          "data": {
            "text/plain": [
              "(3280, 20)"
            ]
          },
          "metadata": {},
          "execution_count": 732
        }
      ],
      "source": [
        "clean_data.shape"
      ]
    },
    {
      "cell_type": "markdown",
      "metadata": {
        "id": "liZ5XQy23YRl"
      },
      "source": [
        "Removing Outliers"
      ]
    },
    {
      "cell_type": "code",
      "execution_count": null,
      "metadata": {
        "id": "qe2NY1oVnWQ5"
      },
      "outputs": [],
      "source": [
        "# from google.colab.output import clear\n",
        "# #Ploting Outliers\n",
        "# def plot_boxplot(df,ft):\n",
        "#   df.boxplot(column=[ft])\n",
        "#   plt.grid(False)\n",
        "#   plt.show"
      ]
    },
    {
      "cell_type": "code",
      "execution_count": null,
      "metadata": {
        "id": "G1w-aeYXnoc3"
      },
      "outputs": [],
      "source": [
        "# import matplotlib.pyplot as plt\n",
        "# plot_boxplot(clean_data,'penghasilan_ortu')"
      ]
    },
    {
      "cell_type": "code",
      "execution_count": null,
      "metadata": {
        "id": "3v1AquekpVsm"
      },
      "outputs": [],
      "source": [
        "# #Finding Outliers\n",
        "# def outliers(df, ft):\n",
        "#   Q1 = df[ft].quantile(0.25)\n",
        "#   Q3 = df[ft].quantile(0.75)\n",
        "#   IQR = Q3 - Q1\n",
        "\n",
        "#   lower_bound = Q1 - 1.5 * IQR\n",
        "#   upper_bound = Q3 + 1.5 * IQR\n",
        "\n",
        "#   ls = df.index[(df[ft]< lower_bound) | (df[ft]> upper_bound)]\n",
        "\n",
        "#   # ls = df.index[(df[ft]> lower_bound) & (df[ft]< upper_bound)]\n",
        "\n",
        "#   return ls"
      ]
    },
    {
      "cell_type": "code",
      "execution_count": null,
      "metadata": {
        "id": "99z7zLSsqLsE"
      },
      "outputs": [],
      "source": [
        "# #Saving the Index of Outliers\n",
        "# index_list = []\n",
        "# for feature in ['penghasilan_ortu']:\n",
        "\n",
        "#   index_list.extend(outliers(clean_data, feature))"
      ]
    },
    {
      "cell_type": "code",
      "execution_count": null,
      "metadata": {
        "id": "j9f76RtUq1s5"
      },
      "outputs": [],
      "source": [
        "# # Index of The Outliers\n",
        "# index_list"
      ]
    },
    {
      "cell_type": "code",
      "execution_count": null,
      "metadata": {
        "id": "BUgCrLn4q6Up"
      },
      "outputs": [],
      "source": [
        "# #Removing Outliers\n",
        "# def remove(df,ls):\n",
        "#   ls = sorted(set(ls))\n",
        "#   df = df.drop(ls)\n",
        "#   return df"
      ]
    },
    {
      "cell_type": "code",
      "execution_count": null,
      "metadata": {
        "id": "Yo_qt3porRap"
      },
      "outputs": [],
      "source": [
        "# #Saving A New Cleaned Dataset\n",
        "# df_cleaned = remove(clean_data, index_list)"
      ]
    },
    {
      "cell_type": "code",
      "execution_count": null,
      "metadata": {
        "id": "d22Ypom8r1J5"
      },
      "outputs": [],
      "source": [
        "#Checking Number of The New Dataset\n",
        "# df_cleaned.shape"
      ]
    },
    {
      "cell_type": "code",
      "execution_count": null,
      "metadata": {
        "id": "xw0rSAAvjGcr"
      },
      "outputs": [],
      "source": [
        "# # #saving the dataframe\n",
        "# df_cleaned.to_csv('testing.csv')"
      ]
    },
    {
      "cell_type": "code",
      "execution_count": null,
      "metadata": {
        "id": "sLr00PCO3jGz"
      },
      "outputs": [],
      "source": [
        "#Ploting Dataset Without Outliers\n",
        "# plot_boxplot(df_cleaned,'penghasilan_ortu')"
      ]
    },
    {
      "cell_type": "markdown",
      "metadata": {
        "id": "rxh22KFY2LWL"
      },
      "source": [
        "Data Visualization"
      ]
    },
    {
      "cell_type": "code",
      "execution_count": null,
      "metadata": {
        "id": "e81sP6if2J34"
      },
      "outputs": [],
      "source": [
        "# import seaborn as sns\n",
        "# #Kernel Density Estimation\n",
        "# sns.pairplot(df_cleaned, diag_kind='kde', hue='label');"
      ]
    },
    {
      "cell_type": "code",
      "execution_count": null,
      "metadata": {
        "id": "z8PjohHf2djP"
      },
      "outputs": [],
      "source": [
        "# import seaborn as sns\n",
        "# base_color = sns.color_palette()[0]\n",
        "# sns.countplot(data = df_cleaned, x = 'label', color = base_color);"
      ]
    },
    {
      "cell_type": "code",
      "execution_count": null,
      "metadata": {
        "colab": {
          "base_uri": "https://localhost:8080/",
          "height": 677
        },
        "id": "tTKQRV2mOcrM",
        "outputId": "5ebdcc42-d60b-4b4e-ab33-97043b06ca7c"
      },
      "outputs": [
        {
          "output_type": "execute_result",
          "data": {
            "text/plain": [
              "                     ips_1     ips_2     ips_3     ips_4     ips_5     ips_6  \\\n",
              "ips_1             1.000000  0.767238  0.701920  0.666454  0.666172  0.662684   \n",
              "ips_2             0.767238  1.000000  0.702292  0.673249  0.680920  0.640798   \n",
              "ips_3             0.701920  0.702292  1.000000  0.759576  0.736112  0.735478   \n",
              "ips_4             0.666454  0.673249  0.759576  1.000000  0.678574  0.689611   \n",
              "ips_5             0.666172  0.680920  0.736112  0.678574  1.000000  0.712413   \n",
              "ips_6             0.662684  0.640798  0.735478  0.689611  0.712413  1.000000   \n",
              "ipk_6             0.857688  0.863517  0.894031  0.860483  0.861045  0.854058   \n",
              "sks_1             0.031939  0.049608  0.083130  0.064681  0.044902  0.081352   \n",
              "sks_2             0.393075  0.376819  0.300171  0.300526  0.329904  0.320295   \n",
              "sks_3             0.338886  0.476677  0.343533  0.335175  0.388172  0.334407   \n",
              "sks_4             0.222870  0.290561  0.380499  0.277854  0.275860  0.243874   \n",
              "sks_5             0.236298  0.245265  0.302476  0.375036  0.288775  0.296389   \n",
              "sks_6            -0.163950 -0.168923 -0.101031 -0.071172 -0.085805 -0.094628   \n",
              "sks_kom_6         0.296309  0.364232  0.392187  0.393616  0.379154  0.353281   \n",
              "nominal_ukt      -0.017225 -0.017722 -0.000402  0.014327  0.004460 -0.003016   \n",
              "penghasilan_ortu  0.263984  0.227439  0.287068  0.261692  0.249763  0.270132   \n",
              "Buleleng          0.233436  0.218896  0.327243  0.309663  0.265403  0.321398   \n",
              "Luar_Buleleng     0.167100  0.156110  0.127867  0.108251  0.165801  0.129924   \n",
              "Luar_Bali        -0.370343 -0.346776 -0.427938 -0.394016 -0.400321 -0.424016   \n",
              "label            -0.578554 -0.512712 -0.692277 -0.641472 -0.603452 -0.673970   \n",
              "\n",
              "                     ipk_6     sks_1     sks_2     sks_3     sks_4     sks_5  \\\n",
              "ips_1             0.857688  0.031939  0.393075  0.338886  0.222870  0.236298   \n",
              "ips_2             0.863517  0.049608  0.376819  0.476677  0.290561  0.245265   \n",
              "ips_3             0.894031  0.083130  0.300171  0.343533  0.380499  0.302476   \n",
              "ips_4             0.860483  0.064681  0.300526  0.335175  0.277854  0.375036   \n",
              "ips_5             0.861045  0.044902  0.329904  0.388172  0.275860  0.288775   \n",
              "ips_6             0.854058  0.081352  0.320295  0.334407  0.243874  0.296389   \n",
              "ipk_6             1.000000  0.068752  0.389045  0.428735  0.327230  0.335867   \n",
              "sks_1             0.068752  1.000000 -0.197861 -0.135477 -0.319544 -0.034847   \n",
              "sks_2             0.389045 -0.197861  1.000000  0.536616  0.329317  0.254695   \n",
              "sks_3             0.428735 -0.135477  0.536616  1.000000  0.505536  0.356311   \n",
              "sks_4             0.327230 -0.319544  0.329317  0.505536  1.000000  0.292152   \n",
              "sks_5             0.335867 -0.034847  0.254695  0.356311  0.292152  1.000000   \n",
              "sks_6            -0.132360  0.216619 -0.326096 -0.251137 -0.264802  0.015284   \n",
              "sks_kom_6         0.420486  0.165966  0.442667  0.601626  0.447571  0.618185   \n",
              "nominal_ukt      -0.003844  0.011225 -0.023020 -0.019612  0.000176  0.009862   \n",
              "penghasilan_ortu  0.300111  0.076604  0.098555  0.035428  0.016453  0.077745   \n",
              "Buleleng          0.322599  0.253935  0.047374  0.092695 -0.031750  0.167786   \n",
              "Luar_Buleleng     0.164524 -0.034496  0.155523  0.187546  0.047310  0.092692   \n",
              "Luar_Bali        -0.454855 -0.217400 -0.179447 -0.250989 -0.009690 -0.242681   \n",
              "label            -0.712287 -0.070787 -0.234983 -0.165781 -0.133038 -0.217201   \n",
              "\n",
              "                     sks_6  sks_kom_6  nominal_ukt  penghasilan_ortu  \\\n",
              "ips_1            -0.163950   0.296309    -0.017225          0.263984   \n",
              "ips_2            -0.168923   0.364232    -0.017722          0.227439   \n",
              "ips_3            -0.101031   0.392187    -0.000402          0.287068   \n",
              "ips_4            -0.071172   0.393616     0.014327          0.261692   \n",
              "ips_5            -0.085805   0.379154     0.004460          0.249763   \n",
              "ips_6            -0.094628   0.353281    -0.003016          0.270132   \n",
              "ipk_6            -0.132360   0.420486    -0.003844          0.300111   \n",
              "sks_1             0.216619   0.165966     0.011225          0.076604   \n",
              "sks_2            -0.326096   0.442667    -0.023020          0.098555   \n",
              "sks_3            -0.251137   0.601626    -0.019612          0.035428   \n",
              "sks_4            -0.264802   0.447571     0.000176          0.016453   \n",
              "sks_5             0.015284   0.618185     0.009862          0.077745   \n",
              "sks_6             1.000000   0.417070     0.024931         -0.009169   \n",
              "sks_kom_6         0.417070   1.000000     0.007586          0.088178   \n",
              "nominal_ukt       0.024931   0.007586     1.000000          0.364536   \n",
              "penghasilan_ortu -0.009169   0.088178     0.364536          1.000000   \n",
              "Buleleng          0.264850   0.323312    -0.038251          0.141746   \n",
              "Luar_Buleleng    -0.412827  -0.111213     0.062375          0.083749   \n",
              "Luar_Bali         0.096426  -0.219088    -0.016286         -0.209685   \n",
              "label             0.068727  -0.220273    -0.019333         -0.381617   \n",
              "\n",
              "                  Buleleng  Luar_Buleleng  Luar_Bali     label  \n",
              "ips_1             0.233436       0.167100  -0.370343 -0.578554  \n",
              "ips_2             0.218896       0.156110  -0.346776 -0.512712  \n",
              "ips_3             0.327243       0.127867  -0.427938 -0.692277  \n",
              "ips_4             0.309663       0.108251  -0.394016 -0.641472  \n",
              "ips_5             0.265403       0.165801  -0.400321 -0.603452  \n",
              "ips_6             0.321398       0.129924  -0.424016 -0.673970  \n",
              "ipk_6             0.322599       0.164524  -0.454855 -0.712287  \n",
              "sks_1             0.253935      -0.034496  -0.217400 -0.070787  \n",
              "sks_2             0.047374       0.155523  -0.179447 -0.234983  \n",
              "sks_3             0.092695       0.187546  -0.250989 -0.165781  \n",
              "sks_4            -0.031750       0.047310  -0.009690 -0.133038  \n",
              "sks_5             0.167786       0.092692  -0.242681 -0.217201  \n",
              "sks_6             0.264850      -0.412827   0.096426  0.068727  \n",
              "sks_kom_6         0.323312      -0.111213  -0.219088 -0.220273  \n",
              "nominal_ukt      -0.038251       0.062375  -0.016286 -0.019333  \n",
              "penghasilan_ortu  0.141746       0.083749  -0.209685 -0.381617  \n",
              "Buleleng          1.000000      -0.408474  -0.622330 -0.434570  \n",
              "Luar_Buleleng    -0.408474       1.000000  -0.460270 -0.185954  \n",
              "Luar_Bali        -0.622330      -0.460270   1.000000  0.582138  \n",
              "label            -0.434570      -0.185954   0.582138  1.000000  "
            ],
            "text/html": [
              "\n",
              "  <div id=\"df-57457611-e123-4b63-835c-aa9fe346c3c3\">\n",
              "    <div class=\"colab-df-container\">\n",
              "      <div>\n",
              "<style scoped>\n",
              "    .dataframe tbody tr th:only-of-type {\n",
              "        vertical-align: middle;\n",
              "    }\n",
              "\n",
              "    .dataframe tbody tr th {\n",
              "        vertical-align: top;\n",
              "    }\n",
              "\n",
              "    .dataframe thead th {\n",
              "        text-align: right;\n",
              "    }\n",
              "</style>\n",
              "<table border=\"1\" class=\"dataframe\">\n",
              "  <thead>\n",
              "    <tr style=\"text-align: right;\">\n",
              "      <th></th>\n",
              "      <th>ips_1</th>\n",
              "      <th>ips_2</th>\n",
              "      <th>ips_3</th>\n",
              "      <th>ips_4</th>\n",
              "      <th>ips_5</th>\n",
              "      <th>ips_6</th>\n",
              "      <th>ipk_6</th>\n",
              "      <th>sks_1</th>\n",
              "      <th>sks_2</th>\n",
              "      <th>sks_3</th>\n",
              "      <th>sks_4</th>\n",
              "      <th>sks_5</th>\n",
              "      <th>sks_6</th>\n",
              "      <th>sks_kom_6</th>\n",
              "      <th>nominal_ukt</th>\n",
              "      <th>penghasilan_ortu</th>\n",
              "      <th>Buleleng</th>\n",
              "      <th>Luar_Buleleng</th>\n",
              "      <th>Luar_Bali</th>\n",
              "      <th>label</th>\n",
              "    </tr>\n",
              "  </thead>\n",
              "  <tbody>\n",
              "    <tr>\n",
              "      <th>ips_1</th>\n",
              "      <td>1.000000</td>\n",
              "      <td>0.767238</td>\n",
              "      <td>0.701920</td>\n",
              "      <td>0.666454</td>\n",
              "      <td>0.666172</td>\n",
              "      <td>0.662684</td>\n",
              "      <td>0.857688</td>\n",
              "      <td>0.031939</td>\n",
              "      <td>0.393075</td>\n",
              "      <td>0.338886</td>\n",
              "      <td>0.222870</td>\n",
              "      <td>0.236298</td>\n",
              "      <td>-0.163950</td>\n",
              "      <td>0.296309</td>\n",
              "      <td>-0.017225</td>\n",
              "      <td>0.263984</td>\n",
              "      <td>0.233436</td>\n",
              "      <td>0.167100</td>\n",
              "      <td>-0.370343</td>\n",
              "      <td>-0.578554</td>\n",
              "    </tr>\n",
              "    <tr>\n",
              "      <th>ips_2</th>\n",
              "      <td>0.767238</td>\n",
              "      <td>1.000000</td>\n",
              "      <td>0.702292</td>\n",
              "      <td>0.673249</td>\n",
              "      <td>0.680920</td>\n",
              "      <td>0.640798</td>\n",
              "      <td>0.863517</td>\n",
              "      <td>0.049608</td>\n",
              "      <td>0.376819</td>\n",
              "      <td>0.476677</td>\n",
              "      <td>0.290561</td>\n",
              "      <td>0.245265</td>\n",
              "      <td>-0.168923</td>\n",
              "      <td>0.364232</td>\n",
              "      <td>-0.017722</td>\n",
              "      <td>0.227439</td>\n",
              "      <td>0.218896</td>\n",
              "      <td>0.156110</td>\n",
              "      <td>-0.346776</td>\n",
              "      <td>-0.512712</td>\n",
              "    </tr>\n",
              "    <tr>\n",
              "      <th>ips_3</th>\n",
              "      <td>0.701920</td>\n",
              "      <td>0.702292</td>\n",
              "      <td>1.000000</td>\n",
              "      <td>0.759576</td>\n",
              "      <td>0.736112</td>\n",
              "      <td>0.735478</td>\n",
              "      <td>0.894031</td>\n",
              "      <td>0.083130</td>\n",
              "      <td>0.300171</td>\n",
              "      <td>0.343533</td>\n",
              "      <td>0.380499</td>\n",
              "      <td>0.302476</td>\n",
              "      <td>-0.101031</td>\n",
              "      <td>0.392187</td>\n",
              "      <td>-0.000402</td>\n",
              "      <td>0.287068</td>\n",
              "      <td>0.327243</td>\n",
              "      <td>0.127867</td>\n",
              "      <td>-0.427938</td>\n",
              "      <td>-0.692277</td>\n",
              "    </tr>\n",
              "    <tr>\n",
              "      <th>ips_4</th>\n",
              "      <td>0.666454</td>\n",
              "      <td>0.673249</td>\n",
              "      <td>0.759576</td>\n",
              "      <td>1.000000</td>\n",
              "      <td>0.678574</td>\n",
              "      <td>0.689611</td>\n",
              "      <td>0.860483</td>\n",
              "      <td>0.064681</td>\n",
              "      <td>0.300526</td>\n",
              "      <td>0.335175</td>\n",
              "      <td>0.277854</td>\n",
              "      <td>0.375036</td>\n",
              "      <td>-0.071172</td>\n",
              "      <td>0.393616</td>\n",
              "      <td>0.014327</td>\n",
              "      <td>0.261692</td>\n",
              "      <td>0.309663</td>\n",
              "      <td>0.108251</td>\n",
              "      <td>-0.394016</td>\n",
              "      <td>-0.641472</td>\n",
              "    </tr>\n",
              "    <tr>\n",
              "      <th>ips_5</th>\n",
              "      <td>0.666172</td>\n",
              "      <td>0.680920</td>\n",
              "      <td>0.736112</td>\n",
              "      <td>0.678574</td>\n",
              "      <td>1.000000</td>\n",
              "      <td>0.712413</td>\n",
              "      <td>0.861045</td>\n",
              "      <td>0.044902</td>\n",
              "      <td>0.329904</td>\n",
              "      <td>0.388172</td>\n",
              "      <td>0.275860</td>\n",
              "      <td>0.288775</td>\n",
              "      <td>-0.085805</td>\n",
              "      <td>0.379154</td>\n",
              "      <td>0.004460</td>\n",
              "      <td>0.249763</td>\n",
              "      <td>0.265403</td>\n",
              "      <td>0.165801</td>\n",
              "      <td>-0.400321</td>\n",
              "      <td>-0.603452</td>\n",
              "    </tr>\n",
              "    <tr>\n",
              "      <th>ips_6</th>\n",
              "      <td>0.662684</td>\n",
              "      <td>0.640798</td>\n",
              "      <td>0.735478</td>\n",
              "      <td>0.689611</td>\n",
              "      <td>0.712413</td>\n",
              "      <td>1.000000</td>\n",
              "      <td>0.854058</td>\n",
              "      <td>0.081352</td>\n",
              "      <td>0.320295</td>\n",
              "      <td>0.334407</td>\n",
              "      <td>0.243874</td>\n",
              "      <td>0.296389</td>\n",
              "      <td>-0.094628</td>\n",
              "      <td>0.353281</td>\n",
              "      <td>-0.003016</td>\n",
              "      <td>0.270132</td>\n",
              "      <td>0.321398</td>\n",
              "      <td>0.129924</td>\n",
              "      <td>-0.424016</td>\n",
              "      <td>-0.673970</td>\n",
              "    </tr>\n",
              "    <tr>\n",
              "      <th>ipk_6</th>\n",
              "      <td>0.857688</td>\n",
              "      <td>0.863517</td>\n",
              "      <td>0.894031</td>\n",
              "      <td>0.860483</td>\n",
              "      <td>0.861045</td>\n",
              "      <td>0.854058</td>\n",
              "      <td>1.000000</td>\n",
              "      <td>0.068752</td>\n",
              "      <td>0.389045</td>\n",
              "      <td>0.428735</td>\n",
              "      <td>0.327230</td>\n",
              "      <td>0.335867</td>\n",
              "      <td>-0.132360</td>\n",
              "      <td>0.420486</td>\n",
              "      <td>-0.003844</td>\n",
              "      <td>0.300111</td>\n",
              "      <td>0.322599</td>\n",
              "      <td>0.164524</td>\n",
              "      <td>-0.454855</td>\n",
